  0.9575531E+00
  0.9276908E+00
  0.9256136E+00  
  0.9641287E+00   
  0.1011734E+01   
  0.1041772E+01   
  0.1035852E+01  
  0.9873412E+00   
  0.9122870E+00 
  0.8506190E+00   
  0.8354290E+00   
  0.8746777E+00   
  0.9389481E+00  
  0.9624775E+00   
  0.9660715E+00   
  0.9793830E+00  
  0.1023386E+01   
  0.1096359E+01  
  0.1179217E+01  
  0.1239759E+01
  0.1251001E+01
  0.1195765E+01   
  0.1062929E+01   
  0.8623374E+00   
  0.6157702E+00   
  0.3457967E+00 
  0.7605246E-01   
 -0.1744467E+00   
 -0.3938120E+00   
 -0.5832111E+00   
 -0.7398034E+00   
 -0.8648593E+00   
 -0.9568308E+00   
 -0.1022061E+01   
 -0.1065436E+01   
 -0.1094661E+01   
 -0.1113894E+01   
 -0.1121067E+01   
 -0.1125102E+01   
 